module create_pumpkin()
{
    difference(){sphere(r=100); translate([0, 0, 250])  #cube([400, 400, 400], center=true); sphere(r=90); polyhedron(
  points=[[100,100,-100], [150,100,-100], [100,150,-100],[0,0,100]],
  faces=[[1,0,3],[1,3,2],[2,3,0],[2,0,1]]);}
}


//create_pumpkin();


module rotation()
 {
for ( i = [0 : 5] ){
rotate(60*i) polyhedron(
 points=[[-150,300,-100], [0,600,-100], [150,300,-100],[0,0,100]],
  faces=[[1,0,3],[1,3,2],[2,3,0],[2,0,1]]); 
rotate(60*i) polyhedron(
 points=[[0,300,-100], [-75,150,-100], [75,150,-100],[0,0,100]],
  faces=[[1,0,3],[1,3,2],[2,3,0],[2,0,1]]);
rotate(60*i) polyhedron(
 points=[[-225,450,-100], [-150,600,-100], [-75,450,-100],[0,0,100]],
  faces=[[1,0,3],[1,3,2],[2,3,0],[2,0,1]]);
rotate(60*i) polyhedron(
 points=[[75,450,-100], [150,600,-100], [225,450,-100],[0,0,100]],
  faces=[[1,0,3],[1,3,2],[2,3,0],[2,0,1]]);
rotate(60*i) polyhedron(
 points=[[-37.5,75,-100], [0,150,-100], [37.5,75,-100],[0,0,100]],
  faces=[[1,0,3],[1,3,2],[2,3,0],[2,0,1]]);
rotate(60*i) polyhedron(
 points=[[-112.5,225,-100], [-75,300,-100], [-37.5,225,-100],[0,0,100]],
  faces=[[1,0,3],[1,3,2],[2,3,0],[2,0,1]]);
rotate(60*i)  polyhedron(
 points=[[37.5,225,-100], [75,300,-100], [112.5,225,-100],[0,0,100]],
  faces=[[1,0,3],[1,3,2],[2,3,0],[2,0,1]]);
  rotate(60*i)  polyhedron(
 points=[[-262.5,525,-100], [-225,600,-100], [-187.5,525,-100],[0,0,100]],
  faces=[[1,0,3],[1,3,2],[2,3,0],[2,0,1]]);
  rotate(60*i)  polyhedron(
 points=[[-187.5,375,-100], [-150,450,-100], [-112.5,375,-100],[0,0,100]],
  faces=[[1,0,3],[1,3,2],[2,3,0],[2,0,1]]);
  rotate(60*i)  polyhedron(
 points=[[-112.5,525,-100], [-75,600,-100], [-37.5,525,-100],[0,0,100]],
  faces=[[1,0,3],[1,3,2],[2,3,0],[2,0,1]]);
   rotate(60*i)  polyhedron(
 points=[[262.5,525,-100], [225,600,-100], [187.5,525,-100],[0,0,100]],
  faces=[[1,0,3],[1,3,2],[2,3,0],[2,0,1]]);
  rotate(60*i)  polyhedron(
 points=[[187.5,375,-100], [150,450,-100], [112.5,375,-100],[0,0,100]],
  faces=[[1,0,3],[1,3,2],[2,3,0],[2,0,1]]);
  rotate(60*i)  polyhedron(
 points=[[112.5,525,-100], [75,600,-100], [37.5,525,-100],[0,0,100]],
  faces=[[1,0,3],[1,3,2],[2,3,0],[2,0,1]]);}}
  
  
rotation();
  
  
module final() {
    difference(){sphere(r=100); sphere(r=90); rotation(); translate([0,0,100]) sphere(r=50); }
    translate([0,0,-97]) cube([100,10,7], center=true);
    rotate(90) translate([0,0,-97]) cube([100,10,7], center=true);}
    
//final();
